5.080127018922192761e+00 1.598076211353316012e+00 7.990381056766583390e-01
6.379165124598850767e+00 9.807621135331628937e-02 3.049038105676658894e+00
3.781088913245535199e+00 9.807621135331628937e-02 4.549038105676658894e+00
2.482050807568877193e+00 1.598076211353316012e+00 2.299038105676658006e+00
5.080127018922192761e+00 1.598076211353316012e+00 7.990381056766583390e-01
6.379165124598850767e+00 9.807621135331628937e-02 3.049038105676658894e+00
7.129165124598850767e+00 2.696152422706632468e+00 4.348076211353316900e+00
5.830127018922192761e+00 4.196152422706632024e+00 2.098076211353316012e+00
5.080127018922192761e+00 1.598076211353316012e+00 7.990381056766583390e-01
5.830127018922192761e+00 4.196152422706632024e+00 2.098076211353316012e+00
3.232050807568876749e+00 4.196152422706632024e+00 3.598076211353316012e+00
2.482050807568877193e+00 1.598076211353316012e+00 2.299038105676658006e+00
3.781088913245535199e+00 9.807621135331628937e-02 4.549038105676658894e+00
4.531088913245534755e+00 2.696152422706632468e+00 5.848076211353316900e+00
7.129165124598850767e+00 2.696152422706632468e+00 4.348076211353316900e+00
4.531088913245534755e+00 2.696152422706632468e+00 5.848076211353316900e+00
3.232050807568876749e+00 4.196152422706632024e+00 3.598076211353316012e+00
2.482050807568877193e+00 1.598076211353316012e+00 2.299038105676658006e+00
